name: FACE-DETECTION
channels:
  - defaults
  - conda-forge
  - menpo
  - pjamesjoyce
dependencies:
  - absl-py=0.5.0=py_0
  - astor=0.7.1=py_0
  - blas=1.0=mkl
  - boost=1.59.0=py35_0
  - bzip2=1.0.8=he774522_0
  - ca-certificates=2019.6.16=hecc5488_0
  - certifi=2018.8.24=py35_1001
  - dlib=18.18=py35_2
  - gast=0.2.2=py_0
  - grpcio=1.14.1=py35he089993_0
  - hdf5=1.8.20=hac2f561_1
  - icc_rt=2019.0.0=h0cc432a_1
  - intel-openmp=2019.4=245
  - jpeg=9b=hb83a4c4_2
  - libboost=1.67.0=hfd51bdf_4
  - libopencv=3.4.2=h20b85fd_0
  - libpng=1.6.37=h2a8f88b_0
  - libprotobuf=3.6.0=h1a1b453_1000
  - libtiff=4.0.10=hb898794_2
  - markdown=3.1.1=py_0
  - mkl=2018.0.3=1
  - mkl_fft=1.0.6=py35hdbbee80_0
  - mkl_random=1.0.1=py35h77b88f5_1
  - numpy=1.15.2=py35ha559c80_0
  - numpy-base=1.15.2=py35h8128ebf_0
  - opencv=3.4.2=py35h40b0b35_0
  - openssl=1.0.2r=hfa6e2cd_0
  - pip=10.0.1=py35_0
  - protobuf=3.6.0=py35he025d50_0
  - py-boost=1.67.0=py35h8300f20_4
  - py-opencv=3.4.2=py35hc319ecb_0
  - python=3.5.6=he025d50_0
  - scipy=1.1.0=py35h4f6bf74_1
  - setuptools=40.2.0=py35_0
  - six=1.11.0=py35_1
  - sqlite=3.29.0=he774522_0
  - tensorboard=1.10.0=py35_0
  - tensorflow=1.10.0=py35_0
  - termcolor=1.1.0=py_2
  - vc=14.1=h0510ff6_4
  - vs2008_runtime=9.00.30729.1=hfaea7d5_1
  - vs2015_runtime=14.15.26706=h3a45250_4
  - werkzeug=0.15.5=py_0
  - wheel=0.31.1=py35_0
  - wincertstore=0.2=py35hfebbdb8_0
  - xz=5.2.4=h2fa13f4_4
  - zlib=1.2.11=h62dcd97_3
  - zstd=1.3.7=h508b16e_0
  - pip:
    - imutils==0.5.2

